maxAbsError: 0.278071
totalAbsError: 72.938169
numOfData: 1371
